1 20.026148
2 12.615538
3 12.161781
4 11.729174
5 7.300027
6 7.557069
7 6.906614
8 6.502137
9 8.007734
10 6.070131
11 6.451070
12 5.775063
13 4.855965
14 5.658806
15 5.758615
16 6.108439
17 5.976738
18 5.238020
19 5.669528
20 5.852105
21 5.152176
22 5.087649
23 5.466988
24 5.620750
25 4.862166
26 4.533447
27 4.439006
28 4.190961
29 5.871163
30 4.348887
31 5.054408
32 4.729097
33 4.549014
34 3.973151
35 4.183068
36 4.250594
37 5.158122
38 4.035291
39 4.759539
40 3.846332
41 4.073498
42 4.514977
43 4.326747
44 4.258310
45 4.107250
46 3.679836
47 4.488578
48 4.428801
49 4.579549
50 4.400978
51 3.887913
52 4.106743
53 3.720116
54 3.743251
55 4.058918
56 3.883120
57 3.580248
58 4.308940
59 3.962800
60 3.865936
61 4.794915
62 4.339983
63 3.678386
64 3.814330
65 4.485603
66 3.861616
67 3.582564
68 3.980731
69 3.964174
70 3.492352
71 3.468028
72 3.494769
73 3.840773
74 3.667458
75 3.574782
76 3.705722
77 3.555937
78 3.834227
79 3.609580
80 3.520873
81 3.825821
82 3.776007
83 3.709446
84 3.739486
85 3.743413
86 3.858259
87 3.753004
88 3.643545
89 3.504641
90 3.549327
91 3.812978
92 3.612159
93 3.475166
94 3.493759
95 3.584113
96 3.670703
97 3.491722
98 3.897268
99 3.447206
100 3.799646
